TABLE NO.     1: First Order Conditional Estimation with Interaction: Problem=1 Subproblem=0 Superproblem1=0 Iteration1=0 Superproblem2=0 Iteration2=0
 NAME         THETA1       THETA2       THETA3       THETA4       THETA5       SIGMA(1,1)   SIGMA(2,1)   SIGMA(2,2)   OMEGA(1,1)   OMEGA(2,1)   OMEGA(2,2)   OMEGA(3,1)   OMEGA(3,2)   OMEGA(3,3)
 THETA1        5.37656E+07  3.13323E+08 -2.93374E+07  1.02933E+07 -1.59953E+09 -2.28287E+10  0.00000E+00 -3.26374E+09 -7.12942E+09 -4.55665E+09  9.25349E+08  1.03369E+10  1.54597E+09 -4.11607E+09
 THETA2        3.13323E+08  1.82592E+09 -1.70966E+08  5.99847E+07 -9.32139E+09 -1.33036E+11  0.00000E+00 -1.90197E+10 -4.15473E+10 -2.65543E+10  5.39255E+09  6.02390E+10  9.00929E+09 -2.39867E+10
 THETA3       -2.93374E+07 -1.70966E+08  1.60081E+07 -5.61658E+06  8.72792E+08  1.24566E+10  0.00000E+00  1.78088E+09  3.89020E+09  2.48636E+09 -5.04921E+08 -5.64037E+09 -8.43569E+08  2.24596E+09
 THETA4        1.02933E+07  5.99847E+07 -5.61658E+06  1.97069E+06 -3.06226E+08 -4.37049E+09  0.00000E+00 -6.24836E+08 -1.36491E+09 -8.72357E+08  1.77156E+08  1.97896E+09  2.95973E+08 -7.88010E+08
 THETA5       -1.59953E+09 -9.32139E+09  8.72792E+08 -3.06226E+08  4.75861E+10  6.79157E+11  0.00000E+00  9.70967E+10  2.12101E+11  1.35561E+11 -2.75292E+10 -3.07523E+11 -4.59929E+10  1.22453E+11
 SIGMA(1,1)   -2.28287E+10 -1.33036E+11  1.24566E+10 -4.37049E+09  6.79157E+11  9.69303E+12  0.00000E+00  1.38578E+12  3.02714E+12  1.93474E+12 -3.92901E+11 -4.38902E+12 -6.56417E+11  1.74767E+12
 SIGMA(2,1)    0.00000E+00  0.00000E+00  0.00000E+00  0.00000E+00  0.00000E+00  0.00000E+00  0.00000E+00  0.00000E+00  0.00000E+00  0.00000E+00  0.00000E+00  0.00000E+00  0.00000E+00  0.00000E+00
 SIGMA(2,2)   -3.26374E+09 -1.90197E+10  1.78088E+09 -6.24836E+08  9.70967E+10  1.38578E+12  0.00000E+00  1.98120E+11  4.32779E+11  2.76604E+11 -5.61717E+10 -6.27482E+11 -9.38457E+10  2.49859E+11
 OMEGA(1,1)   -7.12942E+09 -4.15473E+10  3.89020E+09 -1.36491E+09  2.12101E+11  3.02714E+12  0.00000E+00  4.32779E+11  9.45375E+11  6.04221E+11 -1.22703E+11 -1.37069E+12 -2.04999E+11  5.45799E+11
 OMEGA(2,1)   -4.55665E+09 -2.65543E+10  2.48636E+09 -8.72357E+08  1.35561E+11  1.93474E+12  0.00000E+00  2.76604E+11  6.04221E+11  3.86178E+11 -7.84237E+10 -8.76055E+11 -1.31022E+11  3.48839E+11
 OMEGA(2,2)    9.25349E+08  5.39255E+09 -5.04921E+08  1.77156E+08 -2.75292E+10 -3.92901E+11  0.00000E+00 -5.61717E+10 -1.22703E+11 -7.84237E+10  1.59260E+10  1.77906E+11  2.66075E+10 -7.08409E+10
 OMEGA(3,1)    1.03369E+10  6.02390E+10 -5.64037E+09  1.97896E+09 -3.07523E+11 -4.38902E+12  0.00000E+00 -6.27482E+11 -1.37069E+12 -8.76055E+11  1.77906E+11  1.98735E+12  2.97227E+11 -7.91350E+11
 OMEGA(3,2)    1.54597E+09  9.00929E+09 -8.43569E+08  2.95973E+08 -4.59929E+10 -6.56417E+11  0.00000E+00 -9.38457E+10 -2.04999E+11 -1.31022E+11  2.66075E+10  2.97227E+11  4.44530E+10 -1.18354E+11
 OMEGA(3,3)   -4.11607E+09 -2.39867E+10  2.24596E+09 -7.88010E+08  1.22453E+11  1.74767E+12  0.00000E+00  2.49859E+11  5.45799E+11  3.48839E+11 -7.08409E+10 -7.91350E+11 -1.18354E+11  3.15110E+11
